40.435095503606554,-79.993077686753679,47;
40.434696587775576,-79.996300985228572,19;
40.438308590945255,-79.957718574743282,16;
40.454038272737556,-79.867341042290406,15;
40.443610698976059,-79.998043561602501,13;
40.453881093138619,-79.873029877694393,10;
40.439517594123451,-79.95594514096048,10;
40.441919441965581,-79.982892744621594,9;
40.427602405332806,-79.984668132181639,9;
40.453969822993002,-79.998974758094874,9;
40.449920330979076,-79.974597253786143,8;
40.479829245655225,-80.001901444196207,8;
40.466877756870879,-79.994177935104844,8;
40.405034590189672,-79.94517601664387,8;
40.479076386446295,-79.999717737366538,8;
40.391484369778659,-79.996929376150518,8;
40.438943794278437,-79.956702987700893,7;
40.46183425862273,-80.075809934483601,7;
40.451601893913271,-80.066357338902122,7;
40.423701811107328,-79.997552630724996,7;
40.439754675673591,-80.052449224076412,7;
40.467207829941444,-79.937563678689926,7;
40.395651084098226,-79.988534793365389,7;
40.442888113190847,-79.997936520552642,6;
40.428276333917673,-79.97636113605644,6;
40.454074811291946,-80.021051277011892,6;
40.437846371119946,-79.922805918036218,6;
40.417345136139645,-79.988193247990409,6;
40.398065559794084,-79.999811581004295,6;
40.458313629612618,-79.891012641854417,6;
40.412030234321499,-80.020364495718169,6;
40.442584949905417,-80.001789508770926,6;
40.411957718726555,-79.989845141437485,6;
40.482386011855226,-80.00290703640357,6;
40.461630806852277,-79.926784260450063,6;
40.456542939615126,-79.887664136937502,6;
40.473385482509244,-80.030779355600146,5;
40.434482128289915,-79.963606877655877,5;
40.445590651116305,-79.949387243364313,5;
40.437773729918803,-80.028672926585529,5;
40.424153844229302,-79.933379761561497,5;
40.477087450762284,-80.034612733296839,5;
40.417083782110659,-79.993239636081086,5;
40.44511004552583,-80.039246537687731,5;
40.456938679070994,-79.999947636278463,5;
40.470459852290823,-80.0111378348073,5;
40.460951896902024,-79.93360519125261,5;
40.450258350641633,-80.051111050000515,5;
40.441151120339974,-79.996815603505837,5;
40.473349600095005,-80.002822219962013,5;
40.441569295747946,-80.040474475526466,5;
40.425318965268033,-79.943281551756485,5;
40.428131277738437,-79.980832811884397,5;
40.440696417919249,-79.954591082015028,5;
40.385442305756953,-79.978801061800922,5;
40.47045804777099,-80.027278420865969,5;
40.478253493338741,-80.040270139012904,5;
40.471411423607833,-79.959830139270579,5;
40.485729412794498,-80.043902855229803,5;
40.418386917969073,-80.005778642166916,5;
40.391992306024456,-79.990410931645073,5;
40.423055439338114,-79.998574242741796,5;
40.413479606894768,-79.943809123518733,5;
40.393167838197392,-79.986585064520185,5;
40.42127287812697,-79.992005012476255,5;
40.473506279125687,-79.918890008830587,5;
40.460675033924637,-80.052000006296609,5;
40.452113239963907,-79.904538762220554,5;
40.454874433673972,-79.997054378532326,5;
40.445899823505272,-80.052204137456769,5;
40.387933902248847,-79.987406647853405,4;
40.457062372015514,-79.925283580877647,4;
40.458532837073371,-79.925434742971191,4;
40.414309475534907,-79.990557634779719,4;
40.421765137866203,-80.012562866049862,4;
40.457561568593881,-79.917422514167981,4;
40.478493705474932,-80.011971881466806,4;
40.407435133532175,-79.992595304592015,4;
40.47597732572121,-79.921138032804592,4;
40.467765210673555,-79.934311888042416,4;
40.458470135421997,-80.006479820139702,4;
40.4561060211458,-79.87322386742575,4;
40.423357062309741,-79.97181088687411,4;
40.449945984416168,-79.950663260585088,4;
40.456453357280957,-80.032429198970931,4;
40.45858179352976,-79.992016742966769,4;
40.446207760459167,-79.906250319730987,4;
40.422703998069622,-79.995775354266669,4;
40.404939361855945,-79.990899233620965,4;
40.424239879552452,-79.991984717425339,4;
40.428438567956732,-79.983105958684874,4;
40.442699834204745,-80.002206793246714,4;
40.461576556247735,-79.985053113865916,4;
40.411352131057285,-79.993006739748296,4;
40.456129468098958,-80.005653454006023,4;
40.392365478702068,-80.007850102574906,4;
40.457993760545435,-79.904347923055653,4;
40.455504998738647,-80.007850467221047,4;
40.451859127490565,-79.969254182229392,4;
40.411336685894881,-79.990390740620356,4;
40.479589767490125,-79.953178528138437,4;
40.435133202531283,-79.95632906746944,4;
40.417087353445595,-79.974439009540703,4;
40.445926173410676,-80.052351688864789,4;
40.45631979233697,-79.928734258301105,4;
40.441732921543291,-80.006405498352649,4;
40.444200272919588,-80.040607296470199,4;
40.386926638543144,-79.983552458412845,4;
40.4471653,-80.0523328,4;
40.437156120227932,-79.952313350968979,4;
40.456034149096979,-79.899181661674433,4;
40.423189723792241,-79.995785313568689,4;
40.456249975527761,-80.00093692366552,4;
40.450804541052527,-79.906346309907761,4;
40.473387439905864,-80.036442091564282,4;
40.457155854017508,-79.929226237261304,4;
40.460532993579605,-79.918305963916055,4;
40.434309304435217,-79.918809495656191,4;
40.464568368871724,-79.949862016743495,4;
40.438721756509537,-79.999466085108594,4;
40.441406159731216,-80.002873255548053,4;
40.408087363631154,-79.992146899928159,4;
40.40345920613904,-79.938626095640174,4;
40.453135094626646,-79.946631151152332,4;
40.459719036534921,-79.901550758828222,4;
40.43461467412029,-79.954511343604338,4;
40.474325242573443,-80.035259791120851,4;
40.431717714475276,-79.952563199933664,3;
40.428525305474778,-79.98215432359406,3;
40.465551363688853,-79.929379044644534,3;
40.452454267295195,-80.014060622601633,3;
40.439887463158236,-79.954990452332254,3;
40.456645972111147,-79.906649432588011,3;
40.461516193111194,-79.912213429266998,3;
40.453360717234645,-80.003927241484959,3;
40.466903491398845,-79.905983448201809,3;
40.395213832273498,-79.986017425728178,3;
40.465216215750473,-79.911111265006767,3;
40.446533001729442,-79.968416866216259,3;
40.41566859033513,-79.995158645909441,3;
40.454998701882388,-80.012608274706423,3;
40.460749062828292,-79.900148703243062,3;
40.427168151484665,-79.977741347784132,3;
40.428619652406162,-79.989769890359767,3;
40.466707590929616,-79.918985092777802,3;
40.429438536176598,-79.984214133354882,3;
40.458045656618282,-79.88762650910725,3;
40.4832950,-79.9477077,3;
40.39458317783771,-80.021692304865098,3;
40.419990300063475,-79.990524910550519,3;
40.457558966263164,-80.005827119970419,3;
40.411181540883454,-79.994989033332303,3;
40.387556880004901,-80.013443527120742,3;
40.4530676,-80.0030662,3;
40.414378931083867,-79.988051306016501,3;
40.417669314235489,-79.963417835194747,3;
40.4274771168228,-79.969817626401067,3;
40.459935996095638,-79.947612973147926,3;
40.438808783984314,-80.001618548213528,3;
40.430837591444103,-80.00741602085877,3;
40.455880560530979,-79.946666863112242,3;
40.448850980463341,-79.90743514026893,3;
40.452079448980783,-80.016803241975907,3;
40.456635323771728,-79.997629051365578,3;
40.464490361835331,-80.028450594341209,3;
40.440442202940289,-79.997146029334559,3;
40.469257392481524,-79.978846464391097,3;
40.460381100494189,-80.009781887918692,3;
40.4592529943626,-79.988147111102137,3;
40.417504115180527,-79.980508802138502,3;
40.451151142105047,-79.930424097595122,3;
40.460879170018735,-79.91683710956913,3;
40.424184972958884,-79.993832541352191,3;
40.391579872568094,-80.015378713407102,3;
40.444154918874105,-80.042742082396941,3;
40.484550069346753,-80.035692783449747,3;
40.384413993627369,-79.994277181866664,3;
40.47401783166228,-79.962015845955293,3;
40.453137822045726,-80.026099119864256,3;
40.424215578915053,-79.968373885968475,3;
40.417936408372789,-79.972798290800341,3;
40.419991451387993,-79.990430553432674,3;
40.441234571705877,-80.003477050749922,3;
40.404874754016554,-80.04708371692108,3;
40.386870961213219,-79.981839226067152,3;
40.467233923053669,-79.902205056716681,3;
40.434915946354856,-79.959789947884843,3;
40.429624259211316,-79.968157419393108,3;
40.456572332747427,-80.001487255429311,3;
40.425586511852678,-80.010454954852008,3;
40.398956844246733,-79.834462292848286,3;
40.415552944398641,-79.990644943443641,3;
40.457085571603969,-79.926420146673934,3;
40.399961534579475,-79.987404124378216,3;
40.466650335039752,-79.906842698965988,3;
40.415889547141511,-79.998150091726075,3;
40.452195894385376,-79.981967335080668,3;
40.463134233583077,-79.904459487597137,3;
40.468544182260878,-79.966498058151487,3;
40.410552176761328,-79.99322262414627,3;
40.41659309478456,-79.988157841615688,3;
40.423687309551099,-79.966214251688839,3;
40.488525073816504,-80.023418388765137,3;
40.394957985423687,-79.986864420495252,3;
40.447144108900588,-79.951831601407065,3;
40.483246555096763,-80.035194746264679,3;
40.460768407974605,-80.054473919507714,3;
40.419469549820441,-80.004315432837743,3;
40.463229755510646,-79.890940679656808,3;
40.459190603440391,-79.927408851895919,3;
40.482573665844562,-80.043412491522076,3;
40.455273086676286,-80.008870414965187,3;
40.476980021029973,-80.038157174592882,3;
40.443296773738375,-80.041675053103745,3;
40.447587649477242,-79.971386587368627,3;
40.438002713939021,-79.977529599564193,3;
40.452210852851195,-79.998676352919205,3;
40.451040838037244,-80.055580154117024,3;
40.476288789226444,-79.927044292308068,3;
40.470574729052494,-80.011167472355908,3;
40.471620509781978,-79.902980418226591,3;
40.45162780839015,-80.064305528207683,3;
40.438599583297822,-79.953331991920535,3;
40.462588758145664,-79.960896950974345,3;
40.471049803413059,-79.924878997342091,3;
40.468598033821102,-80.000394630575286,3;
40.465217896802983,-79.919894241917731,3;
40.452868692947852,-79.896447075123959,3;
40.464774823811233,-79.942733938845166,3;
40.477787069932234,-80.029068922201432,3;
40.453383355648029,-80.056506549233106,3;
40.418228962951112,-79.974281891386966,3;
40.454821912402132,-80.013545578756904,3;
40.420731122796447,-80.000074748049201,3;
40.467009653319337,-79.889949597646535,3;
40.452256855851552,-79.950792650653668,3;
40.405934655153253,-79.943182659504586,3;
40.41112924397612,-79.944832176466164,3;
40.450835953062082,-80.059284851500635,3;
40.461392541723988,-79.919695157123542,3;
40.459638842157609,-79.893001452245613,3;
40.433235753770326,-79.956272893283241,3;
40.475991792684219,-79.998237934488159,3;
40.456614610559235,-80.062503345418307,3;
40.428648587693665,-79.984030978724903,3;
40.436929435103927,-79.954991220056257,3;
40.457267579856016,-80.051856353957618,3;
40.474259937428243,-80.010532705998429,3;
40.438600014359963,-80.040033574417293,3;
40.452586702572219,-79.99197976328243,3;
40.45614291324403,-80.015399745388805,3;
40.458614470459317,-79.898177895060442,3;
40.397237987887664,-79.997807913173872,3;
40.443830914011293,-80.043937713316467,3;
40.438917876440819,-80.001250590800993,3;
40.421611762960858,-80.0005384851505,3;
40.459235241163007,-79.965915984484539,3;
40.467406592877161,-80.010739077147363,3;
40.433891542802876,-79.960377840951992,3;
40.45147201895437,-79.882470302843942,3;
40.396333473457872,-80.00977960038432,3;
40.438687329552188,-79.951832819378694,3;
40.470694962675232,-80.03040156366707,2;
40.424053079380293,-79.968456153588619,2;
40.454121796366898,-79.879936611085441,2;
40.433693928572964,-79.922813530566174,2;
40.455905479076073,-80.007756713626065,2;
40.482828611463113,-80.032915733032198,2;
40.410420639688361,-79.981552262159525,2;
40.388202244054021,-79.976352842141608,2;
40.401114664142874,-79.940977922911173,2;
40.46312597312226,-80.011023023310585,2;
40.410649548542935,-80.02050092411055,2;
40.446005863263338,-80.035054977104139,2;
40.462691370705095,-79.992822238226807,2;
40.467677865434148,-79.926801858833173,2;
40.460143465743265,-79.994970064034916,2;
40.456733576465041,-80.062211577627664,2;
40.465090026160972,-80.017530647723078,2;
40.457788117409535,-79.878225068212814,2;
40.382550098596738,-79.98295724220479,2;
40.443251306040722,-79.976139975283601,2;
40.4560814306125,-79.91534375922059,2;
40.457947507387239,-79.979567418116588,2;
40.418503988939655,-79.924348393884145,2;
40.394596001389878,-80.028527556856631,2;
40.463197300834715,-79.899092046385988,2;
40.467849786974547,-80.025208850873639,2;
40.477562539902017,-80.027127976573794,2;
40.428985020183561,-79.924237004106203,2;
40.467375034401172,-79.957944364123122,2;
40.434634564057433,-79.951831916662385,2;
40.475754751962889,-80.000806246214438,2;
40.458307463323074,-79.933769835295948,2;
40.426993467468357,-79.974733021218015,2;
40.429179101700569,-79.972887622282627,2;
40.463154136978588,-79.908128105535624,2;
40.428746746224945,-79.982646526389246,2;
40.401101134074906,-80.019557611285663,2;
40.453539170738004,-80.000575279128412,2;
40.426969028595799,-80.005240133206257,2;
40.450826637592172,-79.874925963365939,2;
40.464204362995446,-79.986131372717026,2;
40.4638323,-79.9167742,2;
40.454119347504943,-79.944504284116718,2;
40.396052433870693,-79.987505497219203,2;
40.4495733,-79.8830266,2;
40.456895489567806,-80.010261962761234,2;
40.4687362,-79.8960576,2;
40.410284761403233,-79.942671270221993,2;
40.418897615569556,-80.038005933064809,2;
40.463198941395092,-79.96401407953087,2;
40.431646869963352,-79.956639009563816,2;
40.47003378483366,-80.028997687106809,2;
40.417182592784442,-79.991048921847749,2;
40.460706790003542,-79.923780776230444,2;
40.471432208109512,-79.911347348947587,2;
40.387543439163281,-80.001356694584231,2;
40.449558530122637,-80.0555783091135,2;
40.454391709264904,-80.05989421287137,2;
40.458289933830677,-79.991952525187358,2;
40.464761679318208,-79.915052881175811,2;
40.473885381367339,-79.904428581179701,2;
40.402714750647654,-79.994018520375135,2;
40.449161369517299,-79.930431126701848,2;
40.426782755059683,-79.970135206789706,2;
40.442587385073011,-80.039038010993011,2;
40.46725205961728,-79.91288627597271,2;
40.455211336366823,-79.944202946805945,2;
40.447408582510299,-79.938268306884581,2;
40.428027717038823,-80.066420128286993,2;
40.382689605941358,-79.984812458579711,2;
40.468144733978242,-80.015379520229985,2;
40.448701891829785,-79.897676320461599,2;
40.456774461007349,-80.052688160849073,2;
40.452682999000807,-79.95845368776304,2;
40.444146541456135,-80.038303586518126,2;
40.470255659305934,-80.028069313050878,2;
40.474305386228885,-79.960995103290685,2;
40.41341125564756,-79.98172189768573,2;
40.421770477320528,-79.981286480836488,2;
40.456013699106038,-80.061763174172697,2;
40.478853340845831,-79.919643095529139,2;
40.472866390131692,-79.9639201912602,2;
40.44114179316125,-79.982565186079555,2;
40.407756658718199,-79.94785978684196,2;
40.408698327269171,-79.991153157583327,2;
40.412205285726408,-80.029370677783916,2;
40.4785913,-80.0008600,2;
40.450889504351629,-80.057136773259998,2;
40.487093945777872,-79.932317634538222,2;
40.391177102725187,-79.986909728912025,2;
40.454170762595545,-79.933243664358855,2;
40.445563904792103,-79.928167759927518,2;
40.42155201085292,-79.99720376810096,2;
40.402179104509891,-80.011905193857018,2;
40.449197467365785,-79.898742327580223,2;
40.412935043158697,-79.995578101752258,2;
40.452785597686209,-80.063358410815553,2;
40.429885988132831,-80.013175053456848,2;
40.441584204076754,-79.978917134398742,2;
40.418008673560131,-79.990763868073245,2;
40.449340648093603,-79.889158593874541,2;
40.460633282878021,-79.991636130819472,2;
40.460425931184275,-79.913790490191914,2;
40.421770664827413,-79.929058161195556,2;
40.419095680584391,-79.993657851548321,2;
40.412165395247094,-79.993066811407445,2;
40.454948691850667,-80.009640272832598,2;
40.471005859059538,-80.008598371720396,2;
40.480738071863229,-80.011091870257758,2;
40.455604939600242,-80.047116944721552,2;
40.454016520179565,-79.895644292400064,2;
40.449457825109263,-79.881404201609826,2;
40.41050800965386,-80.015926045117055,2;
40.416192601732035,-80.025299190128038,2;
40.455856062381834,-80.005663354369645,2;
40.44961931909048,-80.064281043653665,2;
40.47742158791479,-80.028186771907443,2;
40.409094490094994,-79.993966253633914,2;
40.424985742423232,-79.978751503859144,2;
40.425035797063522,-79.938145264191888,2;
40.410479343835824,-80.023965666130877,2;
40.454811442501736,-80.051955549671305,2;
40.440954626233925,-79.925273624656811,2;
40.479864793810727,-79.919738711106376,2;
40.44937516326506,-79.940152247585374,2;
40.411743423667133,-80.015599892756285,2;
40.406535126933434,-79.947853494749808,2;
40.466616756829907,-79.993676874083434,2;
40.462818680991603,-79.960855614323236,2;
40.418611314894143,-79.993550885700472,2;
40.458145456551087,-79.989782292941541,2;
40.458339359112486,-79.994453338806821,2;
40.451819528786032,-79.893609842291738,2;
40.469846019604212,-80.013742872941449,2;
40.48316041533559,-79.935492149172589,2;
40.462766370932492,-79.957250054964803,2;
40.458828295038892,-79.94380013585814,2;
40.403865499750253,-79.94121154762648,2;
40.422432158699223,-80.013788906187088,2;
40.421693251639567,-79.987757437395828,2;
40.402531912784838,-80.032146701495677,2;
40.469089719473686,-79.924761799663571,2;
40.449655923613548,-79.972464994228432,2;
40.477082730424655,-79.929415912729283,2;
40.449072841497312,-79.883741917226331,2;
40.457477850784436,-79.992663243720315,2;
40.421511012664602,-79.995485385467873,2;
40.444841234451061,-79.894944176779006,2;
40.456473594608255,-80.05559691973923,2;
40.454573827714995,-79.900052057319002,2;
40.448474919203605,-79.9718399245683,2;
40.45411894889228,-79.944034255308623,2;
40.44399023304031,-80.002630134211415,2;
40.427478368514706,-79.995169761777731,2;
40.428478873788158,-79.980265799395895,2;
40.443019322714761,-79.986136738626598,2;
40.422733661486653,-79.993736137640354,2;
40.4667721136625,-79.992152928550524,2;
40.464838143596928,-79.895038004105416,2;
40.405726648374788,-80.03872425709703,2;
40.45297697721896,-79.942563534970191,2;
40.412857823197776,-80.024176573100917,2;
40.415617847895668,-79.969380833828978,2;
40.436198191339457,-79.982841908348036,2;
40.387992474450996,-79.998785089695147,2;
40.454671991236104,-79.932117906094192,2;
40.430802070924834,-80.009581175018482,2;
40.480061447617878,-80.027129768412976,2;
40.399826355853008,-80.024283639128058,2;
40.467465940925841,-79.908833274714695,2;
40.439357443553178,-79.999121070597084,2;
40.436946550885885,-80.054964264734195,2;
40.453421528804526,-79.892481935834624,2;
40.453797248300006,-79.878216738434219,2;
40.450858838088919,-79.900068786344505,2;
40.452985065312646,-79.898621679815449,2;
40.46661657932281,-79.995544826762455,2;
40.471616905660198,-80.009653840128607,2;
40.447955660226434,-80.041147135719797,2;
40.455428663244291,-79.867935690766643,2;
40.452022648610722,-79.935513005350259,2;
40.420851659179483,-79.899461276512781,2;
40.399516050466765,-79.992067498529323,2;
40.4766310,-79.9588286,2;
40.400367942144548,-79.989221496131464,2;
40.471401303047138,-80.031697828925573,2;
40.394126558946894,-79.985230393155035,2;
40.390291861606542,-79.981628340275449,2;
40.443411043845622,-79.994612539203288,2;
40.436608808903351,-79.982701349554958,2;
40.462175596234587,-79.960767136215821,2;
40.421944420582776,-79.984192375027831,2;
40.468413119494663,-79.99909225118185,2;
40.399914106486968,-80.030685196284111,2;
40.455994106926163,-79.880705918032348,2;
40.390554852074288,-80.022112220573177,2;
40.445640297979047,-79.981797214737767,2;
40.4621302,-79.9926978,2;
40.482646028067386,-80.044377024868552,2;
40.440092571650716,-80.003005012857287,2;
40.455163784473093,-80.054550909657195,2;
40.456058278524658,-79.904723021825518,2;
40.456809679635327,-79.991280634064296,2;
40.454930848687766,-79.948033647755153,2;
40.458270613599353,-80.075467884670715,2;
40.391322204500497,-79.985422157567612,2;
40.464896213521428,-80.027303544705362,2;
40.395220820695485,-80.022485571709225,2;
40.4621182172652,-79.932898442336835,2;
40.420793968702014,-79.991658368981334,2;
40.426441736226423,-80.063004914042708,2;
40.38515772475057,-79.995148189584569,2;
40.459431038763775,-79.886892905158163,2;
40.426594943055839,-79.987525670314298,2;
40.467941958674821,-79.978851810420508,2;
40.47569574070458,-79.940001971912054,2;
40.453348194019163,-80.001631282271106,2;
40.45603240287538,-80.063311385591874,2;
40.374761644551818,-79.912731323712478,2;
40.456359374370159,-79.994803352186864,2;
40.396120546854483,-79.986420691233604,2;
40.401245539280787,-79.940891181307606,2;
40.469402832434795,-79.961076876371706,2;
40.441741853914216,-79.958400701561686,2;
40.421821897112089,-80.010299848912638,2;
40.440916658244909,-80.020392211329721,2;
40.420419003327964,-79.933138591268104,2;
40.422818426335247,-79.972062619707643,2;
40.417594970280931,-79.978561382443203,2;
40.449033924923604,-79.931902041558814,2;
40.45759882023065,-80.062267686746949,2;
40.425535639433569,-80.002978818959178,2;
40.466301368364185,-80.011090311070006,2;
40.486868894969639,-79.887147317282711,2;
40.447502334719239,-80.051783949854453,2;
40.453822564524792,-79.922943527305975,2;
40.409845746939055,-79.981107476048663,2;
40.469168918732578,-80.005500836968579,2;
40.48829845466102,-80.018531767251332,2;
40.464441156580989,-79.936415907960978,2;
40.470427972702254,-79.932792808592893,2;
40.424210686564287,-79.995871293140752,2;
40.385689717671077,-79.978258312156967,2;
40.429417158451685,-79.953711546107328,2;
40.4465130866515,-80.037158834926501,2;
40.451135697101371,-79.885737314364846,2;
40.468075461767604,-80.029885144871827,2;
40.462714632076725,-80.017583867319601,2;
40.368364081749228,-79.920591588339761,2;
40.453675651234356,-80.04883059197202,2;
40.394164886874208,-79.990276420512629,2;
40.438949311117092,-79.998479763213126,2;
40.458105839034275,-79.895952176525583,2;
40.447108366607274,-79.941982825058304,2;
40.468729593934583,-79.891779456903407,2;
40.467323114181738,-79.981171585366738,2;
40.469731647057117,-80.027507012884371,2;
40.485070104693577,-79.946015671800723,2;
40.462835232229764,-79.892199542590049,2;
40.455538462756572,-79.867935534849607,2;
40.429978301512008,-79.978964150104346,2;
40.453470511792048,-80.001533243378148,2;
40.461182116300265,-79.894422111190181,2;
40.482274205880685,-80.042918340299479,2;
40.478310116886512,-80.037282376001983,2;
40.453933093422279,-79.925461076422579,2;
40.43777717483529,-80.055932549955898,2;
40.48143589482229,-80.03961593536998,2;
40.471816083273318,-80.036551124585912,2;
40.467527206940446,-79.916199028905865,2;
40.463011931512639,-79.930274906509496,2;
40.439013981542786,-80.041581490779805,2;
40.440372470342737,-79.970606724756124,2;
40.441598848941055,-79.899370359323896,2;
40.393957736297061,-80.024746602168804,2;
40.388165539002834,-79.988305338049216,2;
40.466574113358725,-79.943710652137725,2;
40.482425923942237,-79.927544870826054,2;
40.476377925537506,-80.039721353393048,2;
40.485278634005368,-80.032992223540802,2;
40.449316372194595,-79.914970461641502,2;
40.461073728595117,-80.013783112327346,2;
40.421531877189601,-79.993577564166102,2;
40.46869752521544,-79.924021960318456,2;
40.476740647182076,-80.028212303745946,2;
40.444008742377896,-80.04352606657622,2;
40.471673180808267,-79.90160797055637,2;
40.462042304405514,-79.992182315075482,2;
40.456026397140533,-80.006488644201866,2;
40.43051529298662,-79.955543373777658,2;
40.473251485995974,-79.930665424800665,2;
40.462309081297988,-79.959173707527285,2;
40.471304508754208,-79.930344301288414,2;
40.460162135189783,-79.900285864671361,2;
40.403265084499751,-80.017530448582932,2;
40.4604264,-79.9862961,2;
40.462039648985133,-79.949904112059144,2;
40.385891735246354,-79.978254236122268,2;
40.468650269118584,-80.02668669158534,2;
40.471358115513546,-79.898240002334973,2;
40.437850264562179,-80.004567110517371,2;
40.449828014104739,-79.967457413584825,2;
40.396883812932934,-79.989294689646186,2;
40.45581310133192,-80.008238362145462,2;
40.46238471608708,-80.008254458550041,2;
40.436337235863078,-80.024474747869903,2;
40.424714617808156,-80.012683053846217,2;
40.438419961172805,-79.896167765072605,2;
40.425479373000996,-80.00104511171871,2;
40.465489045583112,-79.947980888674394,2;
40.446965187726335,-80.036265680757026,2;
40.44998335991405,-79.900689728693777,2;
40.453467566430483,-79.931791612786867,2;
40.402697754488791,-80.016054292111988,2;
40.456258349444163,-80.070359706770688,2;
40.471552522400536,-79.931752739319975,2;
40.427946101309885,-79.983531354787971,2;
40.475743982324708,-79.999473074803177,2;
40.4278323331488,-80.054349439759122,2;
40.440301432572625,-79.958221928264905,2;
40.474248305519382,-79.965250627899067,2;
40.45310196972688,-80.019429448405077,2;
40.424156605592387,-79.995810670450524,2;
40.42914633469568,-79.937419161955091,2;
40.462844491597366,-79.90110716341664,2;
40.452952663955934,-79.874021402815671,2;
40.453891652031231,-80.022791974980734,2;
40.451300883007008,-79.883511892551297,2;
40.448735036849953,-80.058525985877864,2;
40.457089015587194,-79.997256310787947,2;
40.445060446869206,-80.044560698944125,2;
40.41227198237857,-79.991352857551959,2;
40.392970289556509,-80.009287779068927,2;
40.442619038472124,-80.051370115303399,2;
40.452831066912658,-79.933055079303671,2;
40.392845075193414,-79.997186325899577,2;
40.440524058574979,-80.002179897923526,2;
40.45535854303678,-79.922872234952976,2;
40.464095518659413,-80.006498086419072,2;
40.467936193751136,-80.008537436202232,2;
40.42342490424921,-80.012417479682682,2;
40.432808435633291,-80.054450040922092,2;
40.456731447697983,-80.006873141930313,2;
40.410630698229284,-80.019369420539377,2;
40.411913134501503,-80.021236729846365,2;
40.460026581173167,-80.055938795052612,2;
40.423772345444469,-80.001905519389851,2;
40.403184288221588,-79.994048977261443,2;
40.452841769688419,-79.891813206508516,2;
40.458738637360717,-80.01489172934707,2;
40.457329336513929,-79.896253743327946,2;
40.454045817911506,-79.997808108630522,2;
40.459220430259037,-79.910881573554278,2;
40.422248626233376,-80.00059026229313,2;
40.47502007369183,-80.025374508677288,2;
40.42734221181118,-79.980658026032501,2;
40.475955737445659,-79.9179252202984,2;
40.463425451184747,-79.909227534401651,2;
40.399798282486785,-79.98914686757854,2;
40.473159653169574,-80.037579572438645,2;
40.412953337364975,-80.020451947406627,2;
40.423378372564912,-79.968081224785536,2;
40.454877408624277,-79.999168576409389,2;
40.436763672817577,-79.977663340171318,2;
40.408853528576635,-79.942146713170686,2;
40.455020717981817,-80.021344877819061,2;
40.453068030092489,-80.049343022384349,2;
40.460268383400177,-79.991521549865112,2;
40.465110302588265,-79.904535185895966,2;
40.461779351615903,-80.054846077409906,2;
40.450391130348599,-79.887738944871842,2;
40.394935137078249,-80.014445848828657,2;
40.489029390686724,-80.034534888868379,2;
40.491706226797618,-80.016477065479719,2;
40.451519614067784,-79.931937558907734,2;
40.413244662079144,-79.989125551697001,2;
40.392232155746562,-80.019916657356717,2;
40.457996845611397,-80.009370377151654,2;
40.456417670297078,-79.96179714841297,2;
40.448382312355669,-79.887687646186791,2;
40.448683384163829,-79.933110153706934,2;
40.426758783783633,-80.002448877770476,2;
40.439534165811146,-79.99836772444668,2;
40.426867325069601,-79.949490078436583,2;
40.417303139101683,-80.004997898418708,2;
40.451545992408619,-79.95335271958794,2;
40.44680302397537,-80.046050735889125,2;
40.470528538351431,-79.963823622426432,2;
40.469211705906105,-79.937858416743794,2;
40.397051463780805,-79.989229526609222,2;
40.41466932617265,-79.998211697014085,2;
40.397883884470282,-79.989815040917918,2;
40.383627811328978,-80.010426214365054,2;
40.448042004004343,-79.893835089727247,2;
40.403741692068373,-80.027351077403026,2;
40.433148874114316,-79.954843385469843,2;
40.482051836256758,-79.952183774396943,2;
40.461844031235721,-79.939251503215161,2;
40.460011231530601,-79.907190611646101,2;
40.428606966018023,-79.985175111647919,2;
40.462278591338645,-79.943299111251875,2;
40.451102731027881,-79.966759591605381,2;
40.419581561829929,-79.974204180365106,2;
40.419421352718459,-79.987700562273858,1;
40.417639198922828,-79.986391930520824,1;
40.453941198457208,-80.000705673384857,1;
40.456528290955589,-79.936548852192516,1;
40.415716995341683,-79.937465213324117,1;
40.468649281480296,-79.924091796154627,1;
40.448630403274692,-79.999358519002143,1;
40.468800253040854,-80.009693540627453,1;
40.448089004617756,-79.897101149873492,1;
40.421393615845098,-80.010434749565405,1;
40.455225961047873,-79.928428027639313,1;
40.462467752250426,-80.030224841217816,1;
40.475166044474619,-80.023643931522926,1;
40.427589868595867,-79.971523048865237,1;
40.413089520858286,-79.993060169843048,1;
40.426315067503658,-79.969102826391776,1;
40.402198033708359,-80.009353476327007,1;
40.467373646633234,-79.985724397583226,1;
40.427222544251535,-79.97140725023084,1;
40.379384961536772,-79.935400085387727,1;
40.445368672453796,-79.933671435755983,1;
40.391331351439412,-79.985424987334213,1;
40.429246666376152,-79.987378842290013,1;
40.42893165877647,-79.923278430005965,1;
40.470577508434786,-79.96004252127338,1;
40.421690454367031,-79.972556757558948,1;
40.459791883188437,-79.902331740764538,1;
40.471899537662502,-79.921941193031799,1;
40.464314555036808,-80.009568025039769,1;
40.450200207420167,-80.056230624856667,1;
40.425685326422098,-79.969174699155474,1;
40.450920630788971,-79.964888378791841,1;
40.468776455045955,-79.918620668766948,1;
40.432562436831518,-79.927403700086771,1;
40.451062991618954,-79.968730527227905,1;
40.466161067885253,-79.946253009160969,1;
40.463242189154691,-79.991204758662832,1;
40.4533706,-80.0541324,1;
40.457837653123157,-79.898482668870983,1;
40.452449678940027,-79.891236624112281,1;
40.438367888293556,-80.004376760638351,1;
40.404704159472502,-79.941470098193179,1;
40.394133264465232,-80.019240750786025,1;
40.450976359208497,-79.983578246487241,1;
40.463215232308606,-80.01986764251906,1;
40.45447081643146,-79.921677286218852,1;
40.449173323632586,-79.908847960127957,1;
40.419574608605721,-79.936898601364092,1;
40.427262609038266,-79.979233312865858,1;
40.43785531810444,-80.056350714724005,1;
40.447342813337194,-79.885758879059551,1;
40.468122491391028,-80.019260847669585,1;
40.468883790839548,-79.906950836867466,1;
40.451831373409384,-79.931146453955421,1;
40.423716601822711,-79.991726998272028,1;
40.465689624187746,-79.91640314089949,1;
40.453871477376218,-79.913371425453903,1;
40.466352472755183,-79.897670468246574,1;
40.426451247547391,-79.976767384166465,1;
40.448866241740596,-79.914183623461042,1;
40.46750752958237,-79.963775674873773,1;
40.484125538187392,-79.947519002820115,1;
40.434635671074027,-79.961838045603614,1;
40.457607221249347,-80.051211106419657,1;
40.405089896610761,-80.025291653567876,1;
40.386852393647473,-80.001724720538803,1;
40.470060073090153,-80.018328801931702,1;
40.449530388454392,-79.929020082763714,1;
40.427654537579159,-79.99075427842574,1;
40.4599970,-79.9934080,1;
40.387057804921206,-80.003594104126293,1;
40.368721134375953,-79.915533356551165,1;
40.473064336961379,-79.919546436401845,1;
40.398797870035985,-80.028605684038354,1;
40.437053027523618,-79.982668855597169,1;
40.435893531905627,-79.956156611238498,1;
40.458540162741947,-79.877980829275216,1;
40.417288473104691,-79.969264765521814,1;
40.459973101386808,-79.991449769552744,1;
40.4520918,-80.0409665,1;
40.442381390460731,-79.980405310434008,1;
40.414185826150991,-79.995042090433813,1;
40.461269272864151,-79.920858442486207,1;
40.472582782653994,-80.011101209396486,1;
40.410114939314859,-79.9951081951465,1;
40.453170335454928,-80.020630805766459,1;
40.401588437758356,-79.997348367512927,1;
40.441129500827167,-79.981241447360759,1;
40.449646657025653,-79.892798110797884,1;
40.420581504706846,-79.927044846152171,1;
40.463196027025582,-79.993007992620988,1;
40.490355381382393,-80.012054971904234,1;
40.47255775872658,-80.036468546929001,1;
40.453243161989811,-79.962487878814883,1;
40.405076243596383,-80.032149037161588,1;
40.461896962922367,-80.006805150161426,1;
40.412835652334763,-79.995116983944627,1;
40.443803286769281,-79.925791367686742,1;
40.452616663922534,-79.958433751428529,1;
40.457700724640112,-80.00505759765646,1;
40.441324450650029,-79.895179110255526,1;
40.452966162510073,-79.891011747036316,1;
40.397206106767847,-80.023205052107826,1;
40.433358036903329,-79.924601440077907,1;
40.416926998394537,-79.977630759136318,1;
40.45413941041307,-79.983034069268967,1;
40.399768547753041,-79.990588571420361,1;
40.474446083721801,-80.027682964839528,1;
40.490656891472675,-80.013794135056415,1;
40.428232601290418,-79.980572076739037,1;
40.457054714745667,-79.904267064121271,1;
40.407047691601981,-79.943204423441969,1;
40.486366936821234,-80.014651520167575,1;
40.444474227829666,-79.975560039097886,1;
40.386011139880388,-79.989166031695731,1;
40.421103596071127,-79.985317176382438,1;
40.474969270673661,-79.927819600643218,1;
40.476215318803447,-80.01364712426053,1;
40.423043402406314,-79.970197979497669,1;
40.4406248,-79.9958864,1;
40.454072920191606,-79.929532876782275,1;
40.47910547009959,-79.952542300652155,1;
40.47991862050452,-80.041739166064517,1;
40.434299677403494,-79.961173018071435,1;
40.452993055983015,-79.887157686463098,1;
40.457293694208055,-80.013408896787212,1;
40.464855456074744,-79.945719052452006,1;
40.436036005233959,-79.985455385193148,1;
40.444419827840996,-79.995531720516354,1;
40.41189976404582,-79.981639600045526,1;
40.423858090267018,-79.924020317602967,1;
40.463213095463466,-79.937294777771413,1;
40.463699079448368,-80.053303262820464,1;
40.465449991657771,-79.890852682289605,1;
40.46406699519283,-79.993649588547555,1;
40.402583454541173,-80.02829832010724,1;
40.435647315357798,-79.92496199693349,1;
40.45235120150376,-79.960240045529005,1;
40.470410050613673,-79.892607631958555,1;
40.40036282719101,-80.044422514546014,1;
40.438737565192007,-79.957093627257407,1;
40.418323010697144,-79.969257230559819,1;
40.449988004093029,-79.874166059210836,1;
40.452697486538113,-79.936778436648851,1;
40.458387538825164,-80.007235169133182,1;
40.425927323216492,-79.991539648113402,1;
40.47104351955938,-80.007073382545599,1;
40.453423250242714,-79.88849765823629,1;
40.439501769320117,-80.023530865117223,1;
40.477502035238381,-79.957480612674573,1;
40.476255316755903,-79.961308802311763,1;
40.444709726682262,-79.985151315489858,1;
40.405508396326304,-79.94169298644465,1;
40.458132135047329,-80.004368442051728,1;
40.403821207808228,-79.942419207380112,1;
40.411998076177227,-79.995149476193134,1;
40.473561110924003,-80.00924110657715,1;
40.419159258527465,-79.975771937100461,1;
40.442188503378333,-79.897428702279527,1;
40.436060531633849,-79.951720827214046,1;
40.440670620036947,-80.000370076304534,1;
40.466922169053831,-80.01885858168292,1;
40.472450818158791,-79.916867758162468,1;
40.460772243532411,-80.025383441875988,1;
40.45695588053389,-79.941209015400943,1;
40.44599173581787,-79.979351690280666,1;
40.480460734453928,-79.939831209165916,1;
40.455901718748834,-79.946800119184147,1;
40.460919418024339,-79.950997253476103,1;
40.456645624737135,-80.016779629911412,1;
40.444334789298857,-79.973313966052743,1;
40.46375574498181,-80.032156424249749,1;
40.403669681490982,-79.984463527976217,1;
40.456351790713306,-79.932528767533697,1;
40.435975877241077,-80.052038713040844,1;
40.417254023346729,-79.971242787779815,1;
40.394224946915458,-79.994670223161663,1;
40.45283452139217,-79.964512094176754,1;
40.456048706126694,-80.021764689418305,1;
40.422813623848334,-79.927334943338607,1;
40.457236785072851,-80.000037384604653,1;
40.475068872094958,-80.013705358576715,1;
40.482289886540642,-79.950295000944962,1;
40.459495882792055,-79.907342537602119,1;
40.427215216531955,-79.932721284535603,1;
40.431731448199294,-79.98169813687629,1;
40.469357805319532,-80.008958753229749,1;
40.410361015064673,-80.025831906642082,1;
40.47428061012733,-79.913099800440875,1;
40.423730410517173,-79.990074737581892,1;
40.462403980074363,-79.994302535574931,1;
40.445506184299511,-79.978998857397144,1;
40.440933406514908,-79.899997474702971,1;
40.454147275534986,-79.878404054863324,1;
40.453596406718603,-79.934819995585997,1;
40.457582467396335,-80.006210651513641,1;
40.385271484734417,-79.980510367907783,1;
40.397353293917568,-79.986790082191661,1;
40.412868050103597,-80.025135374935701,1;
40.45611145438982,-79.993590355443558,1;
40.424321490759993,-79.971122748360571,1;
40.449136808476325,-80.004526957918472,1;
40.481417404178551,-79.951401758431416,1;
40.460877123742328,-79.894729475847839,1;
40.466916125330677,-79.937900974694656,1;
40.388734602426531,-80.011972232546142,1;
40.450496053299034,-80.065400619016998,1;
40.407555203418084,-79.948139123759546,1;
40.482217314560486,-80.021057438123449,1;
40.417481967224546,-79.969522307230847,1;
40.412814264152587,-79.945229518655566,1;
40.42366322080202,-79.997470121094537,1;
40.432449008001775,-79.915428159954956,1;
40.458854351754105,-80.009859903656618,1;
40.446650954845587,-79.948658782023529,1;
40.468091415934907,-80.025116666162575,1;
40.45003511141789,-79.903694021372729,1;
40.453187666431582,-80.020761317454728,1;
40.451145961430328,-80.060499819463828,1;
40.421745129795497,-79.990481180721886,1;
40.428830452390862,-79.982120217092486,1;
40.470459914974732,-79.908540011902716,1;
40.446700481900621,-79.97450983784141,1;
40.420793643271274,-80.024877502611744,1;
40.461853624774726,-79.897416070395224,1;
40.447678896305135,-79.953767884735612,1;
40.466762098212456,-79.920053323730727,1;
40.40810629829253,-79.991478650492439,1;
40.472674190828158,-80.009114668623639,1;
40.397177796115976,-79.982945032959478,1;
40.416127822623537,-79.974588087598846,1;
40.465661540899092,-80.024746213476632,1;
40.426095842239953,-79.987382408344544,1;
40.485914224367214,-79.926417473797059,1;
40.41738740429507,-79.977966964415941,1;
40.469410658284716,-80.01734634608421,1;
40.460917121326744,-80.001054849222228,1;
40.450615124617627,-79.914712433523206,1;
40.485673533372712,-80.038954262897533,1;
40.44379544036012,-79.924151192930182,1;
40.406927429092086,-79.938047831453403,1;
40.426004467407303,-79.988958994596018,1;
40.422354082321959,-79.981039184994827,1;
40.452331348358129,-79.922386154079888,1;
40.416127264035893,-80.03703433264279,1;
40.426371899912048,-79.979326720899792,1;
40.405632549198721,-79.991210331388828,1;
40.440022035257364,-79.97708775488384,1;
40.403192284933496,-79.988820245417102,1;
40.427833334190254,-79.94000095506054,1;
40.454144424118297,-79.961292694367344,1;
40.481583309275557,-80.034945863177782,1;
40.461489418877534,-79.90764087471824,1;
40.425174595795802,-80.004005135762398,1;
40.451567740145251,-79.970100423605274,1;
40.441499813570829,-79.985030112259707,1;
40.468156156268797,-79.919148636439729,1;
40.462348158728197,-79.97915629450452,1;
40.445738487689638,-79.894681946623123,1;
40.385785660393537,-79.917436214216124,1;
40.423037660406919,-80.003076656171899,1;
40.439675229418853,-79.970424221863752,1;
40.475805757336701,-80.026813968012888,1;
40.456130796346848,-79.869176486009835,1;
40.390032450353594,-80.024772193320629,1;
40.416291593225438,-79.995303094189111,1;
40.455863850234607,-80.002165995755718,1;
40.4595434,-79.8756175,1;
40.421769656358926,-79.964973052709681,1;
40.437391508303115,-79.982508210108563,1;
40.468164213108487,-79.980930959932138,1;
40.406560530043713,-79.947208778786631,1;
40.431452440345801,-80.05354381600165,1;
40.458264082750297,-80.064273582873028,1;
40.467778633702743,-79.924379771158982,1;
40.481756820726176,-79.949607312080104,1;
40.426400733403362,-79.971606761452762,1;
40.462640829143488,-79.934750864256543,1;
40.473278167754017,-79.914681671303455,1;
40.416868962872634,-79.972917545445213,1;
40.387040737230748,-80.00224956741755,1;
40.493856415034543,-80.007019158931882,1;
40.413554870972312,-79.942883536690928,1;
40.453906508972835,-80.056384976774609,1;
40.439517079185478,-80.05932981262967,1;
40.446595259129687,-79.905392938698398,1;
40.418001484057669,-79.940829722461004,1;
40.473927946275474,-80.028829566091972,1;
40.396621846706573,-80.006308353156101,1;
40.422171501064383,-79.991026696561363,1;
40.451236976438757,-79.888738894109935,1;
40.397246623518512,-80.023129646415725,1;
40.470873541113534,-79.89708562751045,1;
40.4610391,-79.8881438,1;
40.464946051166713,-79.944867088787618,1;
40.469918852712382,-80.033784744691076,1;
40.477837495837427,-79.954649839944693,1;
40.414416100276526,-79.989221314961966,1;
40.465757913835297,-79.929035730197427,1;
40.474046177842993,-80.015618426604462,1;
40.390214120749647,-79.976206724468653,1;
40.451400729895013,-79.949538233668463,1;
40.391027347897754,-80.021461325200278,1;
40.4538415518075,-80.065153503817712,1;
40.43537714770175,-80.033779012711264,1;
40.423782922202541,-80.005228578428458,1;
40.453147354990151,-79.906889970418121,1;
40.42812884585404,-79.979451152464478,1;
40.467810996041386,-79.907116178869074,1;
40.439189367746287,-79.954005214584086,1;
40.458130040765326,-79.954783052719634,1;
40.3915911,-80.0278420,1;
40.428195542067094,-79.918424493857444,1;
40.45673063026581,-79.879690020734955,1;
40.469810079226548,-80.030238034535643,1;
40.462160508535106,-79.985693830310481,1;
40.458079657542726,-80.026101218065349,1;
40.464336166448426,-79.967091038924053,1;
40.476305647188596,-80.02886698543891,1;
40.456234707681155,-80.080265702325406,1;
40.448093910740525,-79.898205498059795,1;
40.4256533770955,-80.008534564583826,1;
40.387167963125073,-79.983326314937173,1;
40.454236560435,-79.921910142784014,1;
40.387656628981674,-79.917497710448373,1;
40.437198403088857,-79.977631695333386,1;
40.419819325031149,-79.97374779811507,1;
40.459459041189305,-80.056969070822817,1;
40.445280727699604,-79.906482760789004,1;
40.459754172232486,-79.92480766252595,1;
40.460769421664999,-79.985877031598946,1;
40.421601621830511,-79.929998677898183,1;
40.461971487284785,-79.911203030933407,1;
40.386544957480481,-79.921763508679817,1;
40.47024631855227,-79.940468211266108,1;
40.454791777538638,-79.927094868406428,1;
40.491163182701293,-80.024975129816042,1;
40.466361564628137,-80.025784730614262,1;
40.416455109029961,-79.990742385941985,1;
40.450952902488979,-80.069454638259273,1;
40.400077123002426,-79.982864834164431,1;
40.435544497215304,-79.982760727530788,1;
40.467710129126026,-79.930218731989413,1;
40.453484748494176,-79.935137105942232,1;
40.378506363547665,-79.993273366026258,1;
40.486231260573476,-80.038494303041205,1;
40.473100465478154,-79.922369989107125,1;
40.451323678069443,-80.050479210444834,1;
40.404994330352075,-79.999296021563325,1;
40.473483614736956,-80.028577607364156,1;
40.456615097449777,-80.064056665463582,1;
40.459128275257846,-80.053011274200415,1;
40.41904868723492,-79.99386470048367,1;
40.455395911806399,-80.010663592117709,1;
40.406394905312176,-79.93970484506454,1;
40.442743337395136,-79.895807560020302,1;
40.459316941946291,-79.937052134891005,1;
40.453396968523634,-79.927036742088688,1;
40.470999082785468,-79.89674879734207,1;
40.471174791499628,-80.008447805705202,1;
40.428475170175652,-79.933247624012765,1;
40.460302578526942,-80.006980071080037,1;
40.419180305214077,-79.989301132651889,1;
40.4561850280882,-80.022979224322313,1;
40.412867872402522,-80.026872654094134,1;
40.45584959643125,-79.930434547158555,1;
40.395727096372184,-79.984383077905122,1;
40.446708449931421,-79.934869279632451,1;
40.427214666666025,-79.936985368296916,1;
40.381565566604166,-80.000885922397103,1;
40.483652219765524,-80.032951534120073,1;
40.473683378789787,-80.033644409230092,1;
40.41910505809637,-79.995820009539997,1;
40.42235132534023,-79.988434891435489,1;
40.446635396698419,-80.040692373460473,1;
40.453414975118086,-79.980193525732318,1;
40.472925889923474,-80.03446263288329,1;
40.466882278815696,-79.933782124356327,1;
40.426686767989011,-79.99981738467028,1;
40.455036812870759,-80.001981652122481,1;
40.397795887957386,-80.022725975896648,1;
40.43539072031129,-79.897235691942342,1;
40.478277161200602,-79.936073641132282,1;
40.442390418433455,-79.999846344464984,1;
40.464292837084457,-79.92544878780339,1;
40.46427961603306,-79.962340819952601,1;
40.449934851392975,-79.903752618607058,1;
40.453943576163169,-79.89061907056464,1;
40.443926593484562,-79.918968983836862,1;
40.46442864138092,-80.053173771735089,1;
40.453878774392926,-80.06000742427149,1;
40.456074371118916,-80.056352185035564,1;
40.445748880216051,-79.956336727542634,1;
40.437113192262338,-79.954786638245949,1;
40.457328634425792,-80.082069139717376,1;
40.454885018601445,-79.944477487417686,1;
40.452486528081174,-79.999843372145506,1;
40.457571284136478,-79.96250427277549,1;
40.441024249715781,-79.95736833680553,1;
40.415736151764087,-80.004112188368651,1;
40.452310532339069,-79.884865143195015,1;
40.486508474472394,-79.926811126006726,1;
40.466169332704837,-80.036350651445019,1;
40.442712687844342,-79.92557038498542,1;
40.391273409149676,-80.024608483569438,1;
40.464710918432786,-79.898912643441705,1;
40.470313101078482,-79.996749999954844,1;
40.4372183663966,-79.932626367667439,1;
40.44490518577846,-79.99377796067661,1;
40.455049993558632,-80.058271587803674,1;
40.471026911513199,-80.006948137414057,1;
40.46865923819162,-79.922754705917129,1;
40.475889069197869,-79.957566348229079,1;
40.453711737203285,-79.898092583777213,1;
40.45219100365216,-79.887455208041089,1;
40.452551254016129,-79.949277413781033,1;
40.447552059581611,-79.896605580896065,1;
40.407880141393832,-79.946287273663344,1;
40.462679210716111,-79.966905016898636,1;
40.451993427634157,-79.914985879770683,1;
40.462621695693898,-80.026768251794863,1;
40.448430675200719,-79.926809011008316,1;
40.467627622543603,-80.009959746698527,1;
40.385493964783464,-79.977200107796605,1;
40.463886649963605,-80.017851066954208,1;
40.460378497799489,-80.021848946412661,1;
40.426239520978015,-79.927907558073457,1;
40.400271924792918,-79.985796712785245,1;
40.459398105023681,-80.075927005261775,1;
40.395528604107845,-79.989979880472703,1;
40.402792738850167,-79.984018569835641,1;
40.453158199798779,-79.957941572772384,1;
40.441118147252951,-79.967710427059714,1;
40.446660360522301,-79.907584182915016,1;
40.429144217093494,-79.996422485812843,1;
40.392183223078433,-79.984978745356202,1;
40.450856798145452,-79.906412566192685,1;
40.395625191374293,-79.988930198696607,1;
40.482879021356389,-80.04453300763744,1;
40.466307997772077,-79.924301930003367,1;
40.400697204662173,-80.023320326482235,1;
40.46351217083275,-79.902917795058102,1;
40.425146309270431,-79.943746377302233,1;
40.428096152469237,-79.972924883274374,1;
40.425085067685053,-80.008589910437919,1;
40.466109418596076,-79.896368741546283,1;
40.415150330429761,-80.007162789067564,1;
40.442058508271813,-79.917540018120746,1;
40.388418195651553,-79.975261925043242,1;
40.4000828,-79.9875828,1;
40.463319501487575,-79.937605436476105,1;
40.410356742633624,-79.990376092457225,1;
40.462615244863883,-79.926503579004986,1;
40.441700152964565,-80.033112383367452,1;
40.482276168976519,-79.934583805957587,1;
40.444443349577242,-80.03569450842582,1;
40.457408754122774,-79.965834527976199,1;
40.447779925884475,-79.91506707330015,1;
40.460672464720588,-79.988541430999106,1;
40.459482086083653,-80.022645475011345,1;
40.416388207227982,-79.976208590026218,1;
40.428684832699354,-79.983306706238423,1;
40.467768026669468,-79.896977092554096,1;
40.402578431057812,-79.941951178504254,1;
40.471486792108983,-80.031258024531482,1;
40.454915389115079,-79.875958888587249,1;
40.41728334295906,-80.005827799070858,1;
40.392871479647226,-80.019186485910737,1;
40.455470024663072,-79.888096792630463,1;
40.423709771760656,-80.000873968973863,1;
40.46455876483973,-79.931949974068132,1;
40.433485379914181,-79.91840195992782,1;
40.4199199875451,-79.993675059038551,1;
40.453291956742412,-80.049252626946071,1;
40.452695005857109,-79.931329959953572,1;
40.39291145394813,-79.996497822725019,1;
40.469185306841297,-80.033398001317224,1;
40.461745236574217,-79.899628150552573,1;
40.419811344308712,-79.99597780387883,1;
40.419609213008243,-79.972382318806652,1;
40.452543333605853,-79.949753553249465,1;
40.394511598533128,-79.985739178271999,1;
40.4024315,-80.0159541,1;
40.418691111931928,-79.95699983682195,1;
40.419119165871031,-79.988020009516745,1;
40.442803623400678,-80.054032923414482,1;
40.472095604741263,-79.959322838278794,1;
40.430841376082512,-79.927668745756336,1;
40.461787941818919,-79.995426598544086,1;
40.429232248771257,-79.975998950011828,1;
40.465572965846853,-79.954878738691846,1;
40.4480455,-79.9221092,1;
40.460623402161843,-79.932766652756285,1;
40.418683293007902,-79.904018949908817,1;
40.434500897717101,-80.016084957179771,1;
40.422681350720474,-79.997416698425809,1;
40.465157804159951,-79.922171643415098,1;
40.451653608910824,-79.932242441067302,1;
40.475421707796627,-80.03740953062777,1;
40.457156002795102,-79.922390437939811,1;
40.436542249197686,-79.955542366200021,1;
40.46175681143577,-80.014138765462647,1;
40.455777276791501,-80.052985003600369,1;
40.452563828522322,-79.963130949304173,1;
40.464720539583695,-79.944523963371651,1;
40.468618820168373,-79.901162048433363,1;
40.403531266030441,-79.992305847397873,1;
40.419755416785335,-80.002263610370221,1;
40.3880190,-80.0059444,1;
40.466431123096172,-79.93100498284592,1;
40.45464813987509,-79.960840824757199,1;
40.469294300445085,-79.958675290900118,1;
40.438863442909501,-79.922907981350775,1;
40.4714675,-80.0372181,1;
40.42997921954634,-80.048910686066137,1;
40.474573272146202,-80.025070277197557,1;
40.451652596545216,-79.984462585197534,1;
40.409875836597301,-80.0203200425956,1;
40.473458083797311,-79.923313472062361,1;
40.468488155231974,-79.981531625123097,1;
40.406277584433411,-79.928631775542982,1;
40.44534425978587,-79.92992231755548,1;
40.46137330923861,-79.970380090816988,1;
40.4643543,-79.8975224,1;
40.4068262,-80.0334832,1;
40.419905011916534,-79.970860707927045,1;
40.4583620,-79.9273287,1;
40.416263173718214,-79.945554550630206,1;
40.460025233738577,-80.02173704706756,1;
40.440264464999863,-79.957440502627435,1;
40.394202612178468,-79.994578370030936,1;
40.419505206194074,-79.993673235982314,1;
40.448413339222157,-80.003960216390709,1;
40.419579529962526,-79.917259321446863,1;
40.471554049149027,-79.896095923045849,1;
40.477537517009949,-80.011960473615261,1;
40.439140768201945,-80.0011699789804,1;
40.440066042837351,-80.02457772914353,1;
40.4584877,-79.9133153,1;
40.447243362594605,-79.944148350838816,1;
40.466703641802951,-79.925351268753843,1;
40.45386432339663,-80.061100958535718,1;
40.4496328,-79.8895775,1;
40.454374975757673,-80.024820107475946,1;
40.458979294669412,-80.079869432359573,1;
40.400002608625705,-79.989850080723912,1;
40.45131134728296,-79.984743505558257,1;
40.423181653741167,-79.928733488981621,1;
40.388319797174567,-79.993557646262744,1;
40.444677079242545,-80.045563561479412,1;
40.440195263792894,-80.056319183327616,1;
40.383328649441225,-79.979592453750584,1;
40.487567167707105,-80.012577488261257,1;
40.467628658401019,-79.934600148425133,1;
40.437228155635516,-80.039662605032134,1;
40.436831396488685,-79.918968348683904,1;
40.442103943882657,-79.969666775343896,1;
40.390148514431949,-79.988396324665288,1;
40.391346677185638,-79.987901085631847,1;
40.464354446662604,-79.892861117931986,1;
40.439548335098358,-79.922756875147854,1;
40.470889988219739,-80.032229022281527,1;
40.4665404566245,-79.938010516047072,1;
40.42929094379204,-80.009367146469671,1;
40.438596726797478,-80.019748562003969,1;
40.423059967883013,-79.990230212494396,1;
40.457824512231625,-79.993606793163522,1;
40.454453495118237,-80.058564447521761,1;
40.461721420656602,-79.925643547394102,1;
40.436494861454349,-80.049390621767927,1;
40.440514946221782,-79.964826501760243,1;
40.469818916730084,-80.026351680576639,1;
40.450632806892521,-79.936841484895922,1;
40.429973953785883,-79.9851704501461,1;
40.456642496402679,-79.949944137808941,1;
40.455144589666361,-79.879589312691138,1;
40.423340596558681,-80.002722550222202,1;
40.481076676104003,-79.954769062565731,1;
40.396586164180739,-80.01956384486806,1;
40.454106142366726,-79.950167023630968,1;
40.460828040504161,-79.988253965699073,1;
40.456494570564253,-79.970032667496199,1;
40.455853799535539,-79.922435774531493,1;
40.471794525565429,-79.897503632639356,1;
40.415830105146881,-80.012979208323102,1;
40.428708175658407,-80.006609872848884,1;
40.389249957286637,-79.976182880205656,1;
40.408382808716347,-79.944500708585494,1;
40.454505400975385,-79.895001001062866,1;
40.4109288,-79.9407525,1;
40.45268207410907,-80.063518758021033,1;
40.442791752353799,-79.965689936504091,1;
40.459418534097999,-79.883186004261944,1;
40.419054301019202,-79.994904252038481,1;
40.427536457091669,-79.922521703324065,1;
40.476545878995822,-80.03174930396024,1;
40.487901150494203,-80.04239646158976,1;
40.447742616714017,-79.937222331872192,1;
40.411478024996121,-79.97732179218626,1;
40.456549809141613,-79.901784722397153,1;
40.456117190609362,-79.930712739567937,1;
40.420766934318522,-79.995867319451804,1;
40.446633638252976,-79.898291159667039,1;
40.44810861094615,-80.05795281753683,1;
40.431625287082454,-80.013915784483274,1;
40.464984536928597,-80.013940528057191,1;
40.456771710139904,-80.048514981602139,1;
40.428465808222732,-79.978964991503105,1;
40.464993974900409,-79.948215742187102,1;
40.411920043847267,-80.013339557773591,1;
40.456205571483146,-80.049446875940816,1;
40.467088856684526,-79.926169592858798,1;
40.478061833613246,-80.013310041251088,1;
40.453566706506784,-80.017443098064888,1;
40.438764488312714,-79.993352503282367,1;
40.422804158977215,-79.933791259277641,1;
40.468609630966043,-79.934012777539834,1;
40.424198445557245,-79.935459021498318,1;
40.427871760707717,-79.98210050693541,1;
40.466557310043271,-79.928766576742362,1;
40.475970803438344,-80.003076972725822,1;
40.38834084825384,-80.020869257751087,1;
40.401445676020266,-80.011933061631638,1;
40.4738109,-79.9622954,1;
40.406778783117595,-79.944345891874605,1;
40.467157572712324,-80.025102474637151,1;
40.418489782115671,-80.012411673257247,1;
40.428759030177126,-80.006457494373649,1;
40.426186701171076,-79.965203723240748,1;
40.477446391137313,-79.917845531783357,1;
40.458101326956601,-79.90598029403256,1;
40.433029344782589,-79.95627991999838,1;
40.4736095,-79.8885900,1;
40.469240374879526,-79.961584052690043,1;
40.421796968159853,-80.012747466268337,1;
40.479531858211502,-79.928184955197736,1;
40.4626148,-80.0082866,1;
40.439441722543918,-79.961779462652729,1;
40.392384599997747,-80.000246244951626,1;
40.458521090086435,-80.015890258192599,1;
40.418082391679732,-79.988232290693446,1;
40.493832447588858,-80.015883886968425,1;
40.425465950130466,-80.004495099725489,1;
40.448597745027236,-80.049683515322386,1;
40.417390420276604,-79.998769840327626,1;
40.405131978183654,-80.030216987433448,1;
40.427229584284603,-79.988598156764823,1;
40.445653662586174,-80.039887860030333,1;
40.4536876699283,-80.068736943231372,1;
40.424968418301873,-80.007449186970945,1;
40.483221078408803,-79.948616179432676,1;
40.427422591568721,-79.976119622198283,1;
40.463283143352811,-79.964035391253063,1;
40.384482358409358,-79.988423751286462,1;
40.455921176209607,-80.027004941714608,1;
40.444373310363645,-79.984561093763602,1;
40.470701168428114,-80.005126059407473,1;
40.457705750382523,-80.007290776891139,1;
40.466128545358323,-79.964746256465077,1;
40.481675007913445,-80.027979239034622,1;
40.465298769224127,-80.007849063646432,1;
40.427782813666731,-79.974852701373933,1;
40.455827122003001,-79.873802880338005,1;
40.448024035048746,-79.944272821052778,1;
40.429912956583365,-79.95398397967142,1;
40.422228538962763,-79.995762369907411,1;
40.41720407874444,-80.07638654717644,1;
40.453415865495906,-79.895903401132216,1;
40.460788773667765,-79.924122774445735,1;
40.46589313131156,-79.92693004723408,1;
40.47058987386157,-80.030949610536084,1;
40.438869859393428,-79.934026917743054,1;
40.451987452991375,-80.016459743657038,1;
40.436633666345102,-79.896619425265541,1;
40.461423112843683,-79.988356819496047,1;
40.448916728620986,-79.904338543962567,1;
40.396290612843622,-80.002880677042484,1;
40.45843107704836,-79.957825245084862,1;
40.44111526132005,-79.983396543529537,1;
40.3900637,-79.9903681,1;
40.443580942147605,-79.979979097296493,1;
40.3559631,-80.0456198,1;
40.427541855392327,-79.977596384534849,1;
40.460630920861909,-80.048903555868009,1;
40.423934934671493,-80.00397805809601,1;
40.472607820161087,-79.935817480313915,1;
40.471429877146207,-79.964151809072447,1;
40.457306732974757,-79.901409454912638,1;
40.445612854346464,-79.993909819961047,1;
40.471750779328019,-80.01321595707924,1;
40.452176311781599,-79.941217649132838,1;
40.42036810975344,-79.968504558188329,1;
40.421348405256161,-79.973754669640527,1;
40.464049288056088,-79.961477278448356,1;
40.481761709544834,-80.033936887390325,1;
40.48988467469821,-80.030863950776407,1;
40.457620313610263,-79.963477589245301,1;
40.460019623031755,-79.897628326527666,1;
40.418314999708905,-79.998897118093339,1;
40.430634476538401,-79.930209691613697,1;
40.45144278031735,-79.956939734015592,1;
40.460690348237023,-79.929027978876746,1;
40.454913786969136,-80.060587220950779,1;
40.487908699330774,-80.040848479651757,1;
40.382255393033894,-80.002597781236204,1;
40.479451732121909,-80.031755904335142,1;
40.476256316830039,-79.914050763118581,1;
40.450505739749552,-80.078545182896207,1;
40.43623825032126,-79.952532183279018,1;
40.438610014203924,-79.968020290435504,1;
40.460145884688338,-79.993466186552567,1;
40.436112309714467,-79.964394044382615,1;
40.419732681063451,-79.969699308960656,1;
40.416959547486186,-79.988730133971345,1;
40.438665521912895,-79.999548955650042,1;
40.467606091691245,-79.891360525182407,1;
40.4359374,-79.9971610,1;
40.4582473,-79.9977749,1;
40.42187638313834,-80.025554266611692,1;
40.414724866333458,-79.967809583758211,1;
40.461399382564281,-79.993787299891707,1;
40.463173749724525,-80.019862321987162,1;
40.438601293806705,-79.95334729494455,1;
40.484290331910849,-80.030914269577764,1;
40.389226883753345,-79.992887525851501,1;
40.392419723002341,-80.009258199288126,1;
40.3835451,-79.9830551,1;
40.418544519624575,-79.98812033096975,1;
40.458869443977015,-79.992941484244952,1;
40.438392615435276,-79.997549508675974,1;
40.441314641557348,-80.05664542451548,1;
40.444152104043226,-80.055333558345765,1;
40.388335561450496,-80.004278863733546,1;
40.439375459635848,-80.00122331354693,1;
40.454038325823355,-80.033030394864824,1;
40.470765549360131,-80.012352558386596,1;
40.481062354176309,-80.037922044038851,1;
40.427659731284727,-79.993877173245835,1;
40.463817891191532,-79.932359921762369,1;
40.4391698,-80.0593956,1;
40.458124412082178,-79.893503500341438,1;
40.468497634696611,-79.941878881562516,1;
40.45501686468522,-80.055702857453952,1;
40.383781727709099,-79.986951909488823,1;
40.431557283791797,-80.008785199434641,1;
40.470239318054197,-80.012634590630185,1;
40.425607377091104,-80.013256475065745,1;
40.457610576113495,-79.877860148286246,1;
40.487387172331211,-80.042930691761029,1;
40.403048394490469,-80.041536503159918,1;
40.460133896179386,-80.063321446122828,1;
40.448121549996621,-79.978097750741512,1;
40.4163747,-80.0743861,1;
40.465206655297536,-79.939565955387295,1;
40.405545890601637,-79.997325357703744,1;
40.455476857523522,-80.00656732886803,1;
40.43315372931005,-79.89713143787813,1;
40.457630716648048,-79.891207360257809,1;
40.448791258790784,-79.955695275017888,1;
40.483410482113293,-80.033613150744969,1;
40.435397451419718,-79.933202843712522,1;
40.450641904504721,-80.0419486672196,1;
40.444053049704536,-80.036622381710984,1;
40.451399852825176,-80.02847262975925,1;
40.4263040,-79.9276044,1;
40.453214380492888,-79.999008894833395,1;
40.425642129469317,-79.982320404423689,1;
40.450901096519573,-79.930622154707279,1;
40.45928706310572,-79.895393548757994,1;
40.387451763422845,-80.014841228459474,1;
40.437621217760693,-79.930502322602408,1;
40.459853948076173,-80.076708458318222,1;
40.448131051990032,-79.94718128131575,1;
40.464611414920704,-80.028608393736079,1;
40.419247582895537,-79.972546627469242,1;
40.454219089964724,-79.897786041938673,1;
40.469222816226129,-80.030265846271092,1;
40.451194769675077,-80.016514286517747,1;
40.450950286724044,-80.066740776128839,1;
40.445716462337785,-79.991904857952989,1;
40.462166077597743,-80.034037862127661,1;
40.42021627166433,-80.007197600993706,1;
40.406771944309206,-79.992185686246444,1;
40.394130350678672,-80.01764176654747,1;
40.47858752419932,-80.038474537164149,1;
40.493805697718813,-80.014448099749615,1;
40.428987221718174,-79.968079690915459,1;
40.439134875179292,-79.980460317668332,1;
40.465513616946936,-79.925591585660896,1;
40.444238976750306,-80.038209914352848,1;
40.452928716169211,-79.941430676133777,1;
40.460435734800022,-80.055023125097549,1;
40.483442699156356,-80.010231661608557,1;
40.4698100,-79.9008371,1;
40.447070656722659,-79.895151948393476,1;
40.454806568300299,-79.894826159537004,1;
40.4406224865496,-80.054069917586332,1;
40.460223653446562,-80.048234690263186,1;
40.441525254290028,-79.997405508645585,1;
40.401507114595418,-80.014458709987323,1;
40.437260951922632,-80.016340186793315,1;
40.458573263026786,-79.873845838168123,1;
40.438497706160028,-79.988829892274566,1;
40.420298195622678,-79.941251128161184,1;
40.455424585858509,-79.999625597076943,1;
40.425097371003019,-79.943764183847122,1;
40.449426956511601,-80.059106077199644,1;
40.4600940,-79.9238524,1;
40.452512910103216,-79.933879050391027,1;
40.419855375129657,-80.013314123419491,1;
40.457437964328491,-80.001893620169668,1;
40.456759418825953,-80.050419399677125,1;
40.412490771668999,-80.040587392325691,1;
40.452958865182815,-80.051332243986664,1;
40.472256373431705,-79.91720040290636,1;
40.461289231441739,-79.899946649753602,1;
40.4124342,-80.0104664,1;
40.476419854834639,-79.919378227262513,1;
40.474596445859554,-79.929063923241074,1;
40.457344218687275,-79.877155373023612,1;
40.411350244984888,-79.989916706662314,1;
40.469746265016639,-79.960944855115926,1;
40.41601669526662,-79.97264913314288,1;
40.450934256715165,-79.973807393033383,1;
40.456885755361007,-80.054867253123305,1;
40.426007295035902,-79.980793153858343,1;
40.461841605554909,-80.026585896490914,1;
40.451985778424614,-79.958747688457379,1;
40.392612544600198,-80.025159139637012,1;
40.461634090147498,-79.963583437996832,1;
40.478938037945952,-80.027559975273405,1;
40.426505484586301,-79.930912010893039,1;
40.439648091150396,-79.951184074922125,1;
40.463089718554265,-79.899272953521745,1;
40.407986005036037,-79.941581160657677,1;
40.415121074302149,-79.988083685854207,1;
40.434072106002063,-79.927681034938004,1;
40.431184333002442,-79.897594813480168,1;
40.461390620126771,-79.919068071738621,1;
40.4293243,-79.9141149,1;
40.457496250609658,-79.893780813635146,1;
40.472160202718989,-79.963279968738931,1;
40.463467456897497,-79.951483322538948,1;
40.451273715715423,-79.905134846634255,1;
40.450757310129255,-79.931769500512786,1;
40.454947181799447,-79.923633602586989,1;
40.456304780128008,-80.004625944576162,1;
40.424277209227093,-80.009186444274562,1;
40.467053173058993,-80.013437231031602,1;
40.468029099354595,-79.90356662893312,1;
40.433506227695702,-79.923234257536734,1;
40.468714702119144,-79.927005027242316,1;
40.42309122805122,-79.923733084258188,1;
40.408233362433364,-79.943897818758742,1;
40.457708930211595,-79.935327377456005,1;
40.431615820616919,-80.006632422487982,1;
40.425716012763552,-79.931408560775779,1;
40.441174434456997,-79.958892370512714,1;
40.475243138053401,-80.027385031391674,1;
40.463471525821404,-79.903334616278912,1;
40.453285983019221,-80.064383148677706,1;
40.455814816183754,-79.997355061023555,1;
40.485205083734698,-79.94625730350495,1;
40.458546551514743,-80.012726223345538,1;
40.467927247545596,-79.903236719793938,1;
40.394203243976186,-79.987637538706565,1;
40.464666239648722,-80.008348823463578,1;
40.445360252034405,-79.970828570004869,1;
40.4521162,-80.0759355,1;
40.463301759255437,-79.984329804053019,1;
40.444136782158047,-80.000993475333104,1;
40.474685432578539,-80.005207561725456,1;
40.443766633912354,-80.040975827303569,1;
40.454136833164974,-80.001939797868459,1;
40.45420414873405,-79.980104504549217,1;
40.426250662144739,-80.013196302877944,1;
40.445077635002647,-79.973713065498615,1;
40.448421242332167,-79.958404138600415,1;
40.4620996,-79.9883379,1;
40.410858322079783,-79.940560129039469,1;
40.440377434247601,-79.982921527714382,1;
40.457045098849548,-79.88968309312591,1;
40.422862905866893,-79.967282382398395,1;
40.418113180355292,-79.988290306359971,1;
40.445589993893975,-80.041243931486775,1;
40.452061568535129,-79.907441368966943,1;
40.475218477072929,-79.931830429225229,1;
40.417788157675872,-79.978268849654626,1;
40.4072976,-79.9390653,1;
40.45397206337033,-79.885627758640041,1;
40.473529227782564,-80.01009974796672,1;
40.404613199127397,-79.941715179730693,1;
40.421784521588776,-79.969395746620975,1;
40.417207101522671,-80.003804214350453,1;
40.452019331633622,-79.930925096466027,1;
40.475639774908238,-80.030763711820484,1;
40.45015579296625,-79.93312844285856,1;
40.476616849610743,-79.920229860004795,1;
40.458489749275515,-79.99483344091658,1;
40.472022052387963,-80.028728365855599,1;
40.418794559347795,-79.972739576240031,1;
40.421219598071723,-79.961812547777086,1;
40.463165972626136,-79.951881321732742,1;
40.471468305806894,-79.926296300841145,1;
40.455275849789821,-79.892204131151161,1;
40.460478996734004,-79.948774912045934,1;
40.449656789173943,-79.98568934896069,1;
40.462070286835512,-79.923015613795712,1;
40.407578873287022,-80.027963043734559,1;
40.44973124806306,-79.956731583752003,1;
40.414127642720686,-79.993107606622473,1;
40.423017532543199,-79.97373053179183,1;
40.420631630996397,-79.982595761695364,1;
40.455639761957542,-80.009264805288382,1;
40.427886673399556,-79.974644489911938,1;
40.423181160631025,-79.925122493418243,1;
40.454262553839705,-79.953093462653555,1;
40.401274152011062,-79.998029200201742,1;
40.454190951478132,-79.991055148341914,1;
40.462061632288147,-80.032131114209037,1;
40.456715562324803,-80.000505640273929,1;
40.435439130490877,-80.013875571712902,1;
40.487847949399352,-80.03737827832316,1;
40.434146099493979,-80.02170490393722,1;
40.408520647434415,-80.017805406488733,1;
40.424890124002154,-80.001025774876553,1;
40.463630905823479,-79.959626470441691,1;
40.462327376687419,-79.933803585526491,1;
40.399746619311685,-80.017474535381027,1;
40.414289496964287,-79.988359460627152,1;
40.480771020965371,-79.950567930160787,1;
40.464375080723777,-79.93844245301311,1;
40.475425601332056,-80.03227986796233,1;
40.408859147762882,-79.93835842196431,1;
40.481410694674608,-79.947975819181877,1;
40.382677181184803,-79.99307519210025,1;
40.428466301531998,-79.974603758666618,1;
40.403222489164435,-79.940159912764798,1;
40.461880027299699,-79.909978069923781,1;
40.488209834026463,-80.015158575586483,1;
40.393352363013008,-79.987764807861325,1;
40.447045182951896,-79.980716136423851,1;
40.391239829251688,-79.978375427432169,1;
40.409296304750633,-79.940322999663948,1;
40.406500410324774,-79.947134635824469,1;
40.447286327639276,-79.896573500012451,1;
40.407211073393256,-80.027230701385633,1;
40.475956582720592,-79.920692583769608,1;
40.405036716367022,-80.018574056476126,1;
40.421525627542039,-79.963081139764384,1;
40.449997090961617,-80.087432864772595,1;
40.473658225336528,-79.923299289374484,1;
40.412624083735189,-79.981619927662791,1;
40.422256910377143,-79.930151705939807,1;
40.38391804611836,-80.000108292600999,1;
40.435625907442422,-80.05478669647016,1;
40.441217775192158,-79.959208522488197,1;
40.405564913954258,-80.015276974021162,1;
40.477889228323242,-80.017710420228042,1;
40.407694433480749,-79.999429074024846,1;
40.472525468801123,-79.892121406872633,1;
40.393868247768545,-80.005803235629187,1;
40.447661271102689,-79.888103874523352,1;
40.455232431637143,-80.051231524317927,1;
40.405886674190789,-79.942079801800404,1;
40.403573191216644,-80.041365339330596,1;
40.458993016486595,-79.890741596160879,1;
40.394406234780405,-79.996371798501173,1;
40.461981292713389,-79.994186179887336,1;
40.441300707336424,-80.041163233147458,1;
40.462107693863139,-79.998541220902496,1;
40.425356597337057,-80.004341952839397,1;
40.43771899194509,-80.000186488412098,1;
40.431337853528241,-79.959101226728478,1;
40.405099082978438,-80.030115927902514,1;
40.478038107418683,-80.001803139555449,1;
40.459968500652259,-80.073925346989597,1;
40.443979182258303,-79.915168631844438,1;
40.452888346792044,-80.022356603693822,1;
40.484454877545488,-80.040477404897274,1;
40.487931708692699,-79.921344314148115,1;
40.390489344262868,-79.987590077992536,1;
40.424214179990742,-79.991863321715584,1;
40.470363533018428,-79.994368185583227,1;
40.436225282624171,-79.908978600344668,1;
40.449707131762636,-79.913102751896233,1;
40.414746299882488,-79.995184860921896,1;
40.467811518850382,-79.927724035809661,1;
40.446334024783283,-79.894431687317905,1;
40.415638884802782,-80.005578646047596,1;
40.424420157236924,-79.923736013585071,1;
40.407448554705063,-80.02376225838978,1;
40.415962469744883,-79.973354790165445,1;
40.422735802248688,-80.008196106553626,1;
40.425414312145136,-79.966548027660309,1;
40.4430537,-79.9861727,1;
40.431379854771599,-79.956800192353597,1;
40.429090431608095,-79.979048597666363,1;
40.454621656087944,-79.911385923902941,1;
40.388065908859289,-79.994527327692708,1;
40.491171083037642,-80.019869774112294,1;
40.454153131711841,-79.961560608146783,1;
40.4518772,-79.8771221,1;
40.41899151912358,-79.987982076899726,1;
40.431560412958788,-79.922598090821211,1;
40.39416552144192,-79.993812095937301,1;
40.456919263217351,-80.005945159629746,1;
40.454410692106848,-79.996707609094031,1;
40.481608940000314,-79.95136852534263,1;
40.431221775817363,-79.989972684456703,1;
40.385319023390878,-79.982220410668219,1;
40.457563513130026,-79.997923771045023,1;
40.48141917173249,-80.036277442332121,1;
40.459674102467162,-80.019034772824867,1;
40.455867862739446,-79.894424242440095,1;
40.430812974515682,-79.918155396484153,1;
40.427494303156969,-80.00245344842422,1;
40.4415461,-79.9569808,1;
40.445812102825727,-79.927440427364857,1;
40.450284391121954,-79.986503782715374,1;
40.408831157052688,-80.037888824561506,1;
40.422941561831593,-80.018021477434431,1;
40.438055922456748,-79.953951852261469,1;
40.457657349449825,-80.011650312918988,1;
40.4572555,-80.0101826,1;
40.4656231615335,-79.900321283382283,1;
40.456932790001041,-79.938536348221106,1;
40.4445354790114,-80.036964545525095,1;
40.47075526248836,-80.025800664173502,1;
40.458256155310288,-80.078722910661085,1;
40.3417476,-80.0512559,1;
40.451831141436834,-79.928356812945353,1;
40.467280765880375,-80.024790290357885,1;
40.420802057856356,-79.986283411817084,1;
40.42464983217522,-80.008811442260225,1;
40.449817415939876,-79.876503797177818,1;
40.464495461336924,-79.905142157303317,1;
40.469755510795579,-79.920718390153482,1;
40.472282741699601,-79.890911869885912,1;
40.437866884270107,-79.998956801347845,1;
40.489613629341036,-80.018113956283486,1;
40.482052054887646,-79.949951012224659,1;
40.465102593895189,-80.010116697707673,1;
40.469299281038367,-79.977201372798476,1;
40.472866452963352,-79.930425366944149,1;
40.462556446850741,-79.897377342404567,1;
40.487220486763974,-79.94037030504218,1;
40.415724062159953,-79.99311329972528,1;
40.427460314830242,-79.946781182023216,1;
40.448099905067707,-79.912070103081462,1;
40.381405037691927,-79.927667308721652,1;
40.469263995033735,-79.905679812972778,1;
40.432040302290311,-79.954566962677859,1;
40.479483764053128,-80.030900495509769,1;
40.427361411734964,-79.906435649664033,1;
40.419350328866692,-79.935939333733572,1;
40.416601714943965,-79.997457819781587,1;
40.495441684098246,-80.02613492918185,1;
40.421219019860665,-79.995789812344654,1;
40.454863187403276,-79.930721769210692,1;
